last-generated=2022-10-04
statistics-initialization=
{
  "linear": "4"
}
statistics-simulation=
{
  "linear": "0, 4, 0",
  "nonlinear": "0, 1, 0, 1, 0, 1",
  "number of continuous time states": "15",
  "numerical Jacobians": "0"
}
time=[0e+00, 3.1536e+07]
multizone.PHeater[1]=[0e+00, 0e+00, 2.687730712890625e+03, 2.920598876953125e+03, 0e+00, 1.448476684570312e+03, 1.1905283203125e+03, 0e+00, 1.871384887695312e+03, 7.074114379882812e+02, 2.606992797851562e+02, 1.69191943359375e+03, 0e+00, 0e+00, 1.475364135742188e+03, 0e+00, 0e+00, 8.684133911132812e+02, 0e+00, 0e+00, 0e+00, 0e+00, 2.847142944335938e+02, 2.883813171386719e+02, 0e+00, 2.851002807617188e+02, 0e+00, 0e+00, 1.254525390625e+03, 0e+00, 0e+00, 0e+00, 0e+00, 0e+00, 0e+00, 0e+00, 0e+00, 0e+00, 0e+00, 0e+00, 0e+00, 0e+00, 0e+00, 0e+00, 0e+00, 0e+00, 0e+00, 0e+00, 0e+00, 0e+00, 0e+00, 0e+00, 0e+00, 0e+00, 0e+00, 0e+00, 0e+00, 0e+00, 0e+00, 0e+00, 0e+00, 0e+00, 0e+00, 0e+00, 0e+00, 0e+00, 0e+00, 0e+00, 0e+00, 0e+00, 0e+00, 0e+00, 0e+00, 0e+00, 8.8408056640625e+02, 0e+00, 0e+00, 0e+00, 0e+00, 0e+00, 3.213545532226562e+02, 0e+00, 0e+00, 0e+00, 0e+00, 1.557387329101562e+03, 3.182438659667969e+02, 0e+00, 1.750911865234375e+03, 6.44296142578125e+02, 0e+00, 1.787892822265625e+03, 3.794341430664062e+02, 3.905554504394531e+02, 2.510896484375e+03, 0e+00, 7.861717224121094e+01, 2.417556396484375e+03, 0e+00, 8.207608795166016e+01, 2.279127685546875e+03]
multizone.PCooler[1]=[0e+00, 0e+00]
multizone.TAir[1]=[2.931499938964844e+02, 2.942495422363281e+02, 2.932622680664062e+02, 2.930849914550781e+02, 2.939701538085938e+02, 2.930916137695312e+02, 2.930841369628906e+02, 2.935979919433594e+02, 2.931062927246094e+02, 2.929921264648438e+02, 2.931941833496094e+02, 2.931025085449219e+02, 2.93676025390625e+02, 2.943005065917969e+02, 2.9310009765625e+02, 2.944557800292969e+02, 2.939102783203125e+02, 2.930926818847656e+02, 2.945579223632812e+02, 2.938005676269531e+02, 2.933114624023438e+02, 2.948639526367188e+02, 2.932880859375e+02, 2.930885925292969e+02, 2.948869934082031e+02, 2.930787353515625e+02, 2.962322998046875e+02, 2.953756408691406e+02, 2.930885009765625e+02, 2.965541076660156e+02, 2.977308654785156e+02, 2.941061096191406e+02, 2.954301452636719e+02, 2.960849609375e+02, 2.942416687011719e+02, 2.971292724609375e+02, 2.95725341796875e+02, 2.961273193359375e+02, 2.992216186523438e+02, 2.992272644042969e+02, 2.959284973144531e+02, 2.984897766113281e+02, 2.97592041015625e+02, 2.957060852050781e+02, 2.97787841796875e+02, 2.9553466796875e+02, 2.981759338378906e+02, 2.987593688964844e+02, 2.970618286132812e+02, 2.9760400390625e+02, 2.977142639160156e+02, 2.982216796875e+02, 3.000488586425781e+02, 2.98954833984375e+02, 2.952027893066406e+02, 2.999705505371094e+02, 3.006569213867188e+02, 2.973784790039062e+02, 2.985329895019531e+02, 2.969598693847656e+02, 2.985225524902344e+02, 3.015030212402344e+02, 2.982446594238281e+02, 2.984988403320312e+02, 2.985031433105469e+02, 2.948398132324219e+02, 2.981135864257812e+02, 2.988775024414062e+02, 2.966335754394531e+02, 2.969691162109375e+02, 2.986533203125e+02, 2.940682373046875e+02, 2.9720703125e+02, 2.97047607421875e+02, 2.93106689453125e+02, 2.965013427734375e+02, 2.973897705078125e+02, 2.938034973144531e+02, 2.960293579101562e+02, 2.948388061523438e+02, 2.930038146972656e+02, 2.958922424316406e+02, 2.93882568359375e+02, 2.93134521484375e+02, 2.947673034667969e+02, 2.931021728515625e+02, 2.930782775878906e+02, 2.940062866210938e+02, 2.93103271484375e+02, 2.929917602539062e+02, 2.93717041015625e+02, 2.931028747558594e+02, 2.930701599121094e+02, 2.931529235839844e+02, 2.931000061035156e+02, 2.938829345703125e+02, 2.931479797363281e+02, 2.93109130859375e+02, 2.935053100585938e+02, 2.930405578613281e+02, 2.930177917480469e+02]
